return {
	Settings = {
		Loop = false,
		Priority = Enum.AnimationPriority.Action
	},
	Timestamps = {
		[0] = {
			["LeftLowerArm"] = CFrame.new(0,0,0,0.7675,0.3789,-0.517,-0.6357,0.5548,-0.537,0.0839,0.7407,0.6668),
			["RightUpperArm"] = CFrame.new(0,0,0,0.9974,0.067,-0.0261,-0.0411,0.8319,0.5541,0.059,-0.551,0.8321),
			["Head"] = CFrame.new(0,0,0,0.9634,-0.1381,0.2291,0.032,0.91,0.4132,-0.2662,-0.3911,0.8814),
			["UpperTorso"] = CFrame.new(0,0,0,0.9924,0.03,0.12,-0.0321,0.9993,0.019,-0.1191,-0.0221,0.9926),
			["RightHand"] = CFrame.new(0,0,0,0.9687,0.2221,0.112,-0.195,0.9573,-0.213,-0.154,0.1851,0.9706),
			["LeftUpperArm"] = CFrame.new(0,0,0,0.8719,-0.3642,0.3282,0.277,0.9183,0.2822,-0.404,-0.1552,0.9015),
			["RightLowerArm"] = CFrame.new(0,0,0,0.883,-0.3601,0.302,0.469,0.6471,-0.6011,0.021,0.6721,0.74),
			["LeftHand"] = CFrame.new(0,0,0,0.9127,0.297,-0.2801,-0.307,0.9519,0.011,0.2699,0.076,0.9599),
			["LeftUpperLeg"] = CFrame.new(0,0,0,0.9574,0.283,0.057,-0.2082,0.8129,-0.5442,-0.2002,0.509,0.8371),
			["LowerTorso"] = CFrame.new(-0.0151,-0.2121,0.006,0.7312,-0.0491,-0.6812,-0.0061,0.9969,-0.0781,0.6822,0.061,0.7281),
			["RightLowerLeg"] = CFrame.new(0,0,0,0.99,-0.0291,-0.1381,0.104,0.8112,0.5752,0.095,-0.5842,0.8063),
			["RightUpperLeg"] = CFrame.new(0,0,0,0.9241,-0.2832,-0.256,0.298,0.9545,0.019,0.239,-0.0941,0.9665),
			["LeftLowerLeg"] = CFrame.new(0,0,0,0.9615,0.003,-0.274,0.1759,0.7623,0.6228,0.2109,-0.6473,0.7328),
		},
		[0.0666666865348816] = {
			["LeftLowerArm"] = CFrame.new(0,0,0,0.8814,0.3061,-0.3603,-0.4313,0.8323,-0.3483,0.1931,0.4622,0.8655),
			["RightUpperArm"] = CFrame.new(0,0,0,0.7581,-0.413,-0.5049,0.5111,0.8568,0.066,0.4051,-0.309,0.8607),
			["Head"] = CFrame.new(0,0,0,0.987,-0.161,-0.0011,0.161,0.9865,0.029,-0.0031,-0.0291,0.9996),
			["UpperTorso"] = CFrame.new(0,0,0,0.9737,-0.0101,0.228,-0.0281,0.9862,0.163,-0.226,-0.1651,0.9599),
			["RightHand"] = CFrame.new(0,0,0,0.9022,-0.1481,0.4051,0.043,0.9653,0.258,-0.4292,-0.2152,0.8771),
			["LeftUpperArm"] = CFrame.new(0,0,0,0.7981,-0.0311,0.6024,-0.3771,0.7531,0.5383,-0.4701,-0.6572,0.5894),
			["RightLowerArm"] = CFrame.new(0,0,0,0.6848,-0.5862,0.4339,0.6538,0.7561,-0.0111,-0.322,0.2911,0.9009),
			["LeftHand"] = CFrame.new(0,0,0,0.9763,0.2149,-0.0231,-0.2102,0.9677,0.14,0.052,-0.1321,0.9899),
			["LeftUpperLeg"] = CFrame.new(0,0,0,0.9432,0.1839,-0.2772,-0.1641,-0.4659,-0.8695,-0.2891,0.8656,-0.4093),
			["LowerTorso"] = CFrame.new(-0.0151,-0.2121,0.006,0.8848,0.148,-0.4419,0.202,0.7339,0.6487,0.4199,-0.663,0.6197),
			["RightLowerLeg"] = CFrame.new(0,0,0,0.9996,-0.0121,-0.0281,0.029,0.1949,0.9804,-0.0061,-0.9808,0.1951),
			["RightUpperLeg"] = CFrame.new(0,0,0,0.9701,-0.1111,-0.215,-0.1361,0.4859,-0.8638,0.201,0.8669,0.4559),
			["LeftLowerLeg"] = CFrame.new(0,0,0,0.9543,0.051,-0.2941,0.2731,0.25,0.929,0.121,-0.967,0.225),
		},
		[0.13333333730697633] = {
			["LeftLowerArm"] = CFrame.new(0,0,0,0.8958,0.4001,-0.1931,-0.437,0.8733,-0.2161,0.082,0.2781,0.9571),
			["RightUpperArm"] = CFrame.new(0,0,0,0.8726,0.39,-0.294,-0.156,0.793,0.5889,0.4628,-0.4681,0.7529),
			["Head"] = CFrame.new(0,0,0,0.9923,-0.1231,-0.0161,0.113,0.9509,-0.2882,0.051,0.284,0.9575),
			["UpperTorso"] = CFrame.new(0,0,0,0.9787,-0.0061,0.205,-0.0541,0.9579,0.2821,-0.198,-0.2871,0.9372),
			["RightHand"] = CFrame.new(0,0,0,0.9198,-0.3921,-0.0221,0.3449,0.7811,0.5207,-0.1871,-0.4861,0.8535),
			["LeftUpperArm"] = CFrame.new(0,0,0,0.8289,-0.4781,0.2908,0.204,0.742,0.6386,-0.521,-0.4701,0.7125),
			["RightLowerArm"] = CFrame.new(0,0,0,0.6611,-0.5543,0.506,0.6561,0.7543,-0.0311,-0.3641,0.3521,0.862),
			["LeftHand"] = CFrame.new(0,0,0,0.9866,0.132,-0.0961,-0.12,0.9852,0.122,0.111,-0.1091,0.9879),
			["LeftUpperLeg"] = CFrame.new(0,0,0,0.9812,0.057,-0.1851,-0.1201,-0.5663,-0.8152,-0.1511,0.8223,-0.5491),
			["LowerTorso"] = CFrame.new(-0.0151,-0.2121,0.006,0.9377,0.067,-0.341,0.118,0.8618,0.4939,0.3269,-0.503,0.7999),
			["RightLowerLeg"] = CFrame.new(0,0,0,0.9974,-0.0641,-0.0321,0.01,-0.316,0.9489,-0.0711,-0.9467,-0.3141),
			["RightUpperLeg"] = CFrame.new(0,0,0,0.9416,-0.2491,-0.2261,-0.0511,0.5601,-0.827,0.3329,0.7901,0.5149),
			["LeftLowerLeg"] = CFrame.new(0,0,0,0.9222,0.11,-0.3711,0.3791,-0.0661,0.9229,0.077,-0.9918,-0.1031),
		},
		[0.20000015894571932] = {
			["LeftLowerArm"] = CFrame.new(0,0,0,0.8749,0.4291,-0.2251,-0.396,0.3651,-0.8429,-0.2791,0.8262,0.4889),
			["RightUpperArm"] = CFrame.new(0,0,0,0.4079,-0.4093,0.8162,0.9088,0.096,-0.4062,0.088,0.9074,0.4111),
			["Head"] = CFrame.new(0,0,0,0.9989,0.022,-0.0421,-0.0441,0.75,-0.6601,0.017,0.661,0.7501),
			["UpperTorso"] = CFrame.new(0,0,0,0.9907,0.036,0.132,-0.0441,0.9975,0.055,-0.1291,-0.0611,0.9897),
			["RightHand"] = CFrame.new(0,0,0,0.7131,-0.6151,-0.3381,0.6851,0.712,0.15,0.149,-0.3391,0.9291),
			["LeftUpperArm"] = CFrame.new(0,0,0,0.359,0.3051,-0.882,-0.933,0.087,-0.3501,-0.0301,0.9483,0.316),
			["RightLowerArm"] = CFrame.new(0,0,0,0.7941,-0.4881,0.362,0.5521,0.33,-0.7662,0.254,0.808,0.5311),
			["LeftHand"] = CFrame.new(0,0,0,0.9423,0.2489,-0.2242,-0.2272,0.9666,0.119,0.2461,-0.0611,0.9673),
			["LeftUpperLeg"] = CFrame.new(0,0,0,0.9992,-0.0031,-0.0401,-0.0331,0.5101,-0.86,0.023,0.8601,0.5089),
			["LowerTorso"] = CFrame.new(-0.0151,-0.2121,0.006,0.9588,-0.1081,-0.2631,0.048,0.9732,-0.2251,0.2799,0.203,0.9382),
			["RightLowerLeg"] = CFrame.new(0,0,0,0.9893,-0.1221,0.078,-0.0471,0.241,0.9693,-0.1381,-0.9629,0.2331),
			["RightUpperLeg"] = CFrame.new(0,0,0,0.8021,-0.3181,-0.5059,0.347,0.9371,-0.0391,0.486,-0.1441,0.8617),
			["LeftLowerLeg"] = CFrame.new(0,0,0,0.9537,0.192,-0.2321,0.1839,0.238,0.9538,0.2379,-0.9522,0.191),
		},
		[0.286666695276896] = {
			["LeftLowerArm"] = CFrame.new(0,0,0,0.9158,0.389,0.098,-0.277,0.79,-0.5473,-0.291,0.474,0.8313),
			["RightUpperArm"] = CFrame.new(0,0,0,0.318,-0.6128,0.7237,0.9369,0.086,-0.338,0.145,0.7856,0.6018),
			["Head"] = CFrame.new(0,0,0,0.9983,-0.0341,-0.0471,-0.0071,0.738,-0.6748,0.057,0.674,0.7366),
			["UpperTorso"] = CFrame.new(0,0,0,0.9995,0.029,0.014,-0.0311,0.9925,0.119,-0.0101,-0.1192,0.9928),
			["RightHand"] = CFrame.new(0,0,0,0.8401,-0.3602,-0.4062,0.421,0.9043,0.069,0.342,-0.2292,0.9112),
			["LeftUpperArm"] = CFrame.new(0,0,0,0.142,0.835,-0.5311,-0.9712,0.013,-0.2391,-0.1921,0.55,0.813),
			["RightLowerArm"] = CFrame.new(0,0,0,0.8562,-0.4941,0.1511,0.5051,0.739,-0.4454,0.108,0.458,0.8826),
			["LeftHand"] = CFrame.new(0,0,0,0.9076,0.3161,0.2761,-0.28,0.9462,-0.1622,-0.313,0.07,0.9474),
			["LeftUpperLeg"] = CFrame.new(0,0,0,0.9878,0.155,0.016,-0.0901,0.6521,-0.753,-0.1271,0.7421,0.6579),
			["LowerTorso"] = CFrame.new(-0.0151,-0.2121,0.006,0.9775,-0.1861,-0.1001,0.003,0.486,-0.8739,0.2111,0.854,0.4759),
			["RightLowerLeg"] = CFrame.new(0,0,0,0.9766,-0.0281,-0.2131,0.1479,-0.6329,0.76,-0.156,-0.7739,-0.6141),
			["RightUpperLeg"] = CFrame.new(0,0,0,0.9749,-0.1882,-0.1191,0.033,0.6523,-0.7573,0.22,0.7343,0.6422),
			["LeftLowerLeg"] = CFrame.new(0,0,0,0.9885,0.016,-0.15,0.1419,-0.44,0.8865,-0.0521,-0.898,-0.4379),
		},
		[0.4446666876475016] = {
			["LeftLowerArm"] = CFrame.new(0,0,0,0.9256,0.129,-0.3561,-0.3749,0.4431,-0.8141,0.053,0.8872,0.459),
			["RightUpperArm"] = CFrame.new(0,0,0,0.8763,-0.1762,0.4489,0.101,0.9773,0.187,-0.4712,-0.1181,0.8738),
			["Head"] = CFrame.new(0,0,0,0.9933,-0.1031,-0.0521,0.106,0.9922,0.065,0.045,-0.0701,0.9965),
			["UpperTorso"] = CFrame.new(0,0,0,0.9969,0.078,0.006,-0.0761,0.9429,0.3249,0.019,-0.324,0.9457),
			["RightHand"] = CFrame.new(0,0,0,0.9239,0.2219,-0.3122,-0.1921,0.9736,0.122,0.331,-0.0531,0.9422),
			["LeftUpperArm"] = CFrame.new(0,0,0,0.831,0.1501,-0.5362,-0.0391,0.9764,0.212,0.555,-0.1552,0.8171),
			["RightLowerArm"] = CFrame.new(0,0,0,0.8834,-0.0751,0.4621,0.4442,0.4472,-0.7762,-0.1492,0.8913,0.4291),
			["LeftHand"] = CFrame.new(0,0,0,0.9714,-0.0421,0.234,0.109,0.953,-0.2831,-0.2112,0.3,0.9301),
			["LeftUpperLeg"] = CFrame.new(0,0,0,0.9728,0.226,-0.0521,-0.0891,0.16,-0.9831,-0.2141,0.9609,0.176),
			["LowerTorso"] = CFrame.new(-0.0151,-0.2121,0.006,0.978,0.094,0.1869,0.129,-0.9741,-0.186,0.164,0.206,-0.9647),
			["RightLowerLeg"] = CFrame.new(0,0,0,0.9879,-0.0781,-0.1342,0.062,-0.5962,0.8004,-0.1421,-0.7992,-0.5844),
			["RightUpperLeg"] = CFrame.new(0,0,0,0.9523,0.2299,0.201,0.2271,-0.0951,-0.9693,-0.2042,0.9686,-0.1421),
			["LeftLowerLeg"] = CFrame.new(0,0,0,0.9461,-0.0721,-0.3162,0.226,-0.5543,0.8012,-0.2321,-0.8294,-0.5082),
		},
		[0.6666666348775229] = {
			["LeftLowerArm"] = CFrame.new(0,0,0,0.9115,0.092,-0.401,-0.4053,0.033,-0.9138,-0.0711,0.9952,0.067),
			["RightUpperArm"] = CFrame.new(0,0,0,0.8929,-0.0781,0.4432,-0.1131,0.9149,0.3872,-0.436,-0.3961,0.8085),
			["Head"] = CFrame.new(0,0,0,0.9967,0.02,-0.0791,0.054,0.5631,0.8248,0.061,-0.8262,0.5599),
			["UpperTorso"] = CFrame.new(0,0,0,0.9982,-0.0381,0.046,0.045,0.9854,-0.1651,-0.0391,0.1661,0.9852),
			["RightHand"] = CFrame.new(0,0,0,0.9868,-0.0931,-0.1321,0.07,0.9835,-0.1671,0.146,0.1551,0.9771),
			["LeftUpperArm"] = CFrame.new(0,0,0,0.8161,0.411,-0.4062,-0.1711,0.843,0.5101,0.5521,-0.3471,0.7582),
			["RightLowerArm"] = CFrame.new(0,0,0,0.8365,-0.3393,0.431,0.5464,0.5753,-0.609,-0.0411,0.7443,0.6659),
			["LeftHand"] = CFrame.new(0,0,0,0.956,0.2881,0.052,-0.2811,0.9525,-0.119,-0.0841,0.099,0.9915),
			["LeftUpperLeg"] = CFrame.new(0,0,0,0.9253,0.09,-0.368,-0.2622,-0.5509,-0.7929,-0.2742,0.8298,-0.486),
			["LowerTorso"] = CFrame.new(-0.0151,-0.2121,0.006,0.9477,0.2219,-0.2301,0.1479,0.3349,0.9309,0.2829,-0.9158,0.284),
			["RightLowerLeg"] = CFrame.new(0,0,0,0.957,0.017,-0.289,0.041,0.9802,0.1939,0.287,-0.1971,0.9375),
			["RightUpperLeg"] = CFrame.new(0,0,0,0.952,0.019,-0.305,-0.2211,0.7335,-0.6429,0.212,0.6794,0.7028),
			["LeftLowerLeg"] = CFrame.new(0,0,0,0.9159,-0.0511,-0.3981,0.364,0.5229,0.7711,0.169,-0.851,0.497),
		},
		[0.7666666666666666] = {
			["LeftLowerArm"] = CFrame.new(0,0,0,0.8698,0.4172,-0.2652,-0.434,0.3912,-0.8113,-0.235,0.8203,0.5212),
			["RightUpperArm"] = CFrame.new(0,0,0,0.7427,-0.4431,0.5019,0.5068,0.8621,0.012,-0.4379,0.246,0.8648),
			["Head"] = CFrame.new(0,0,0,0.9953,-0.0651,-0.0711,0.094,0.8252,0.5572,0.022,-0.5612,0.8273),
			["UpperTorso"] = CFrame.new(0,0,0,0.9992,-0.0341,0.02,0.029,0.9792,0.2011,-0.0271,-0.2001,0.9794),
			["RightHand"] = CFrame.new(0,0,0,0.8995,-0.2072,-0.3849,0.1661,0.9764,-0.138,0.4042,0.061,0.9126),
			["LeftUpperArm"] = CFrame.new(0,0,0,0.9079,0.141,-0.3941,-0.1791,0.982,-0.0611,0.379,0.126,0.9171),
			["RightLowerArm"] = CFrame.new(0,0,0,0.9255,-0.225,0.3049,0.3782,0.5937,-0.71,-0.0211,0.7726,0.6349),
			["LeftHand"] = CFrame.new(0,0,0,0.9963,0.061,0.061,-0.0571,0.9963,-0.0641,-0.0651,0.06,0.9961),
			["LeftUpperLeg"] = CFrame.new(0,0,0,0.9562,0.096,-0.2761,-0.2071,-0.4452,-0.8713,-0.2071,0.8903,-0.4062),
			["LowerTorso"] = CFrame.new(-0.0151,-0.2121,0.006,0.9661,0.164,-0.2001,0.012,0.7448,0.6669,0.258,-0.6469,0.7179),
			["RightLowerLeg"] = CFrame.new(0,0,0,0.904,0.4168,0.093,-0.1901,0.1959,0.9622,0.383,-0.8877,0.256),
			["RightUpperLeg"] = CFrame.new(0,0,0,0.8608,-0.4252,-0.2801,0.123,0.7071,-0.6962,0.4939,0.5651,0.6611),
			["LeftLowerLeg"] = CFrame.new(0,0,0,0.8993,-0.1321,-0.417,0.4311,0.4288,0.7938,0.074,-0.8938,0.4429),
		},
		[0.8666666984558106] = {
			["LeftLowerArm"] = CFrame.new(0,0,0,0.8528,0.494,-0.1691,-0.504,0.693,-0.516,-0.1371,0.525,0.8398),
			["RightUpperArm"] = CFrame.new(0,0,0,0.8883,-0.1922,0.4171,0.031,0.9314,0.3631,-0.4583,-0.3092,0.8332),
			["Head"] = CFrame.new(0,0,0,0.9878,-0.15,0.042,0.093,0.7837,0.6141,-0.1251,-0.6029,0.7881),
			["UpperTorso"] = CFrame.new(0,0,0,0.9959,-0.0251,0.087,0.04,0.9837,-0.1751,-0.0811,0.1779,0.9807),
			["RightHand"] = CFrame.new(0,0,0,0.9694,-0.1351,-0.2052,0.109,0.9848,-0.1361,0.2201,0.109,0.9693),
			["LeftUpperArm"] = CFrame.new(0,0,0,0.9955,-0.0941,-0.0041,0.082,0.839,0.538,-0.0471,-0.5361,0.843),
			["RightLowerArm"] = CFrame.new(0,0,0,0.8502,-0.1321,0.5089,0.5071,0.4652,-0.7259,-0.1411,0.8753,0.4629),
			["LeftHand"] = CFrame.new(0,0,0,0.9998,0.011,-0.0171,-0.0141,0.9712,-0.2381,0.014,0.238,0.9711),
			["LeftUpperLeg"] = CFrame.new(0,0,0,0.8891,0.253,-0.3822,-0.4122,0.081,-0.9073,-0.1991,0.9641,0.176),
			["LowerTorso"] = CFrame.new(-0.0151,-0.2121,0.006,0.8787,0.172,-0.4451,0.085,0.8619,0.5,0.4698,-0.4771,0.743),
			["RightLowerLeg"] = CFrame.new(0,0,0,0.9421,0.304,-0.1421,-0.0601,0.569,0.8198,0.33,-0.7641,0.5548),
			["RightUpperLeg"] = CFrame.new(0,0,0,0.9128,-0.274,-0.302,0.066,0.8306,-0.5529,0.4029,0.4848,0.7767),
			["LeftLowerLeg"] = CFrame.new(0,0,0,0.9749,-0.1101,-0.1941,0.212,0.722,0.6589,0.068,-0.6831,0.7268),
		},
		[0.9888666645685832] = {
			["LeftLowerArm"] = CFrame.new(0,0,0,0.8272,0.2151,-0.519,-0.5562,0.4451,-0.702,0.08,0.8693,0.4879),
			["RightUpperArm"] = CFrame.new(0,0,0,0.9798,-0.0541,-0.193,0.165,0.7622,0.6258,0.113,-0.6452,0.7558),
			["Head"] = CFrame.new(0,0,0,0.9467,-0.1961,0.2551,-0.0091,0.7771,0.6292,-0.322,-0.5982,0.7342),
			["UpperTorso"] = CFrame.new(0,0,0,0.9928,0.03,0.116,-0.0241,0.9985,-0.0481,-0.1171,0.045,0.9921),
			["RightHand"] = CFrame.new(0,0,0,0.9901,-0.0731,0.12,0.087,0.9895,-0.1161,-0.1101,0.1251,0.986),
			["LeftUpperArm"] = CFrame.new(0,0,0,0.9117,-0.3021,0.279,0.106,0.8271,0.5519,-0.397,-0.4741,0.7859),
			["RightLowerArm"] = CFrame.new(0,0,0,0.6992,0.05,0.7128,0.5242,0.6431,-0.5589,-0.4863,0.7641,0.4239),
			["LeftHand"] = CFrame.new(0,0,0,0.9747,0.1821,-0.1301,-0.188,0.9814,-0.0371,0.121,0.061,0.9908),
			["LeftUpperLeg"] = CFrame.new(0,0,0,0.9484,0.3081,-0.0761,-0.2982,0.7852,-0.5432,-0.1081,0.5371,0.8362),
			["LowerTorso"] = CFrame.new(-0.0151,-0.2121,0.006,0.7803,-0.0611,-0.6224,0.012,0.9964,-0.0831,0.6253,0.058,0.7784),
			["RightLowerLeg"] = CFrame.new(0,0,0,0.9732,0.1971,-0.119,-0.0761,0.7633,0.6417,0.217,-0.6153,0.7577),
			["RightUpperLeg"] = CFrame.new(0,0,0,0.9037,-0.331,-0.271,0.3559,0.9337,0.045,0.2379,-0.1371,0.9616),
			["LeftLowerLeg"] = CFrame.new(0,0,0,0.9748,-0.0701,-0.2121,0.183,0.7939,0.5791,0.128,-0.6041,0.7872),
		},
		[1.1113333702087402] = {
			["LeftLowerArm"] = CFrame.new(0,0,0,0.7645,0.384,-0.518,-0.6397,0.551,-0.536,0.08,0.7409,0.6668),
			["RightUpperArm"] = CFrame.new(0,0,0,0.9974,0.067,-0.0261,-0.0411,0.8319,0.5529,0.059,-0.551,0.8328),
			["Head"] = CFrame.new(0,0,0,0.9634,-0.1382,0.2291,0.032,0.9103,0.4132,-0.2662,-0.3902,0.8814),
			["UpperTorso"] = CFrame.new(0,0,0,0.9924,0.03,0.12,-0.0321,0.9993,0.019,-0.1191,-0.0221,0.9926),
			["RightHand"] = CFrame.new(0,0,0,0.9686,0.223,0.1119,-0.1952,0.9571,-0.214,-0.1542,0.185,0.9704),
			["LeftUpperArm"] = CFrame.new(0,0,0,0.8706,-0.3672,0.3269,0.2809,0.9173,0.2829,-0.4039,-0.1542,0.9017),
			["RightLowerArm"] = CFrame.new(0,0,0,0.8823,-0.361,0.3022,0.4702,0.6468,-0.6005,0.021,0.6718,0.7404),
			["LeftHand"] = CFrame.new(0,0,0,0.9135,0.2939,-0.2822,-0.3033,0.9527,0.01,0.2712,0.077,0.9593),
			["LeftUpperLeg"] = CFrame.new(0,0,0,0.9577,0.283,0.057,-0.207,0.8129,-0.5442,-0.2,0.509,0.8371),
			["LowerTorso"] = CFrame.new(-0.0151,-0.2121,0.006,0.7312,-0.0491,-0.6812,-0.0061,0.9969,-0.0781,0.6822,0.061,0.7281),
			["RightLowerLeg"] = CFrame.new(0,0,0,0.9904,-0.0081,-0.1381,0.088,0.8115,0.5781,0.107,-0.5844,0.8042),
			["RightUpperLeg"] = CFrame.new(0,0,0,0.9249,-0.2911,-0.2461,0.305,0.952,0.022,0.227,-0.0951,0.969),
			["LeftLowerLeg"] = CFrame.new(0,0,0,0.9669,0.004,-0.2551,0.162,0.7627,0.626,0.197,-0.6468,0.737),
		},
	}
}
