return {
	Settings = {
		Loop = false,
		Priority = Enum.AnimationPriority.Action
	},
	Timestamps = {
		[0] = {
			["LeftLowerArm"] = CFrame.new(0,0,0,0.9017,0.2298,-0.3662,-0.2617,-0.3844,-0.8855,-0.3443,0.8942,-0.2865),
			["LowerTorso"] = CFrame.new(0.0226,-0.0667,0.053,0.998,0.0053,-0.0629,-0.0035,0.9996,0.0297,0.0629,-0.0295,0.9976),
			["Head"] = CFrame.new(0,0,0,0.9775,0.1066,-0.1824,-0.0511,0.9568,0.2862,0.2049,-0.2705,0.9407),
			["RightHand"] = CFrame.new(0,0,0,0.9005,-0.0102,-0.4348,-0.2204,0.8514,-0.4761,0.3749,0.5244,0.7645),
			["LeftUpperArm"] = CFrame.new(0,0,0,0.7505,0.0309,-0.6603,-0.2563,0.9344,-0.2477,0.6092,0.3549,0.7092),
			["RightLowerArm"] = CFrame.new(0,0,0,0.7362,-0.3595,0.5734,0.3794,-0.4826,-0.7896,0.5604,0.7988,-0.2189),
			["LeftHand"] = CFrame.new(0,0,0,0.7643,-0.1252,0.6326,0.4412,0.8169,-0.3716,-0.4704,0.563,0.6796),
			["UpperTorso"] = CFrame.new(0,0,0,0.9989,-0.0426,-0.0187,0.0437,0.9967,0.0686,0.0156,-0.0695,0.9975),
			["RightUpperArm"] = CFrame.new(0,0,0,0.9423,-0.3327,0.0375,0.3347,0.9361,-0.1081,0.0008,0.1143,0.9934),
		},
		[0.20000000298023224] = {
			["LeftLowerArm"] = CFrame.new(0,0,0,0.9125,0.2095,-0.3514,-0.2578,-0.3726,-0.8916,-0.3178,0.9041,-0.286),
			["LowerTorso"] = CFrame.new(-0.0894,-0.0634,0.0408,0.9867,0.0269,-0.1605,-0.0276,0.9996,-0.0018,0.1603,0.0061,0.9871),
			["Head"] = CFrame.new(0,0,0,0.9905,0.0502,-0.1282,-0.0206,0.9745,0.2233,0.136,-0.2187,0.9663),
			["RightHand"] = CFrame.new(0,0,0,0.9127,0.0227,-0.4081,-0.2309,0.8526,-0.469,0.3372,0.5221,0.7834),
			["LeftUpperArm"] = CFrame.new(0,0,0,0.791,0.0647,-0.6085,-0.2536,0.9397,-0.2297,0.5568,0.3358,0.7597),
			["RightLowerArm"] = CFrame.new(0,0,0,0.7317,-0.3364,0.5928,0.4051,-0.485,-0.7752,0.5481,0.8073,-0.2187),
			["LeftHand"] = CFrame.new(0,0,0,0.7094,-0.1239,0.6939,0.4725,0.814,-0.3379,-0.5231,0.5675,0.6359),
			["UpperTorso"] = CFrame.new(0,0,0,0.9993,-0.0347,0.0111,0.0334,0.9953,0.0908,-0.0142,-0.0904,0.9958),
			["RightUpperArm"] = CFrame.new(0,0,0,0.9597,-0.2786,0.0379,0.2803,0.9582,-0.0571,-0.0205,0.0653,0.9977),
		},
		[0.4000000059604645] = {
			["LeftLowerArm"] = CFrame.new(0,0,0,0.9382,0.1292,-0.3213,-0.2653,-0.328,-0.9068,-0.2225,0.9358,-0.2735),
			["LowerTorso"] = CFrame.new(0.0304,-0.0725,-0.0702,0.9987,0.0025,-0.0504,0.0005,0.9982,0.0594,0.0503,-0.0594,0.997),
			["Head"] = CFrame.new(0,0,0,0.988,0.0299,-0.1515,-0.0074,0.989,0.1475,0.1541,-0.1447,0.9774),
			["RightHand"] = CFrame.new(0,0,0,0.927,0.0918,-0.3638,-0.2648,0.8472,-0.4608,0.2658,0.5233,0.8096),
			["LeftUpperArm"] = CFrame.new(0,0,0,0.7901,0.0876,-0.6068,-0.2529,0.9482,-0.1923,0.5585,0.3052,0.7713),
			["RightLowerArm"] = CFrame.new(0,0,0,0.719,-0.3484,0.6014,0.4156,-0.4782,-0.7739,0.557,0.8063,-0.1991),
			["LeftHand"] = CFrame.new(0,0,0,0.6681,-0.1592,0.7269,0.5114,0.8078,-0.2932,-0.5407,0.5675,0.6211),
			["UpperTorso"] = CFrame.new(0,0,0,0.9991,-0.0401,-0.0124,0.0404,0.9985,0.0357,0.0108,-0.0362,0.9993),
			["RightUpperArm"] = CFrame.new(0,0,0,0.92,-0.391,-0.0285,0.389,0.9196,-0.0555,0.0478,0.0399,0.9981),
		},
		[0.6000000238418579] = {
			["LeftLowerArm"] = CFrame.new(0,0,0,0.9485,0.0541,-0.3123,-0.2983,-0.1806,-0.9374,-0.1071,0.9821,-0.1552),
			["LowerTorso"] = CFrame.new(0.2607,-0.1371,-0.1997,0.9436,0.33,-0.0264,-0.3142,0.9177,0.243,0.1043,-0.2212,0.9697),
			["Head"] = CFrame.new(0,0,0,0.9044,0.0763,-0.4198,0.002,0.9831,0.183,0.4266,-0.1665,0.889),
			["RightHand"] = CFrame.new(0,0,0,0.9618,0.2321,-0.1453,-0.2725,0.8646,-0.4223,0.0276,0.4456,0.8948),
			["LeftUpperArm"] = CFrame.new(0,0,0,0.7488,0.3227,-0.5791,-0.4057,0.9139,-0.0152,0.5242,0.2462,0.8152),
			["RightLowerArm"] = CFrame.new(0,0,0,0.984,-0.178,-0.0101,0.1664,0.9376,-0.3055,0.0637,0.2988,0.9522),
			["LeftHand"] = CFrame.new(0,0,0,0.5093,-0.0818,0.8567,0.4904,0.8456,-0.211,-0.7073,0.5275,0.4707),
			["UpperTorso"] = CFrame.new(0,0,0,0.8633,-0.3797,0.3325,0.4016,0.9158,0.0027,-0.3057,0.1312,0.9431),
			["RightUpperArm"] = CFrame.new(0,0,0,0.0709,-0.8811,0.4677,0.9933,0.0195,-0.114,0.0913,0.4726,0.8765),
		},
		[0.8333333134651184] = {
			["LeftLowerArm"] = CFrame.new(0,0,0,0.9616,0.2194,0.165,-0.1456,0.917,-0.3714,-0.2328,0.333,0.9137),
			["LowerTorso"] = CFrame.new(0.2857,-0.1503,-0.3498,0.592,0.2279,-0.7731,-0.0089,0.961,0.2765,0.8059,-0.157,0.5709),
			["Head"] = CFrame.new(0,0,0,0.88,-0.2988,0.3694,0.078,0.8579,0.5078,-0.4687,-0.4182,0.7783),
			["RightHand"] = CFrame.new(0,0,0,0.4086,-0.1592,-0.8988,-0.324,0.8953,-0.3059,0.8533,0.4161,0.3143),
			["LeftUpperArm"] = CFrame.new(0,0,0,-0.1286,0.8025,-0.5828,-0.933,-0.2972,-0.2036,-0.3365,0.5174,0.7868),
			["RightLowerArm"] = CFrame.new(0,0,0,0.9815,-0.1567,0.1101,0.122,0.0684,-0.9903,0.1476,0.9853,0.0862),
			["LeftHand"] = CFrame.new(0,0,0,0.9834,-0.1027,0.1498,0.1374,0.9597,-0.2451,-0.1187,0.2615,0.9579),
			["UpperTorso"] = CFrame.new(0,0,0,0.9223,0.2898,-0.2557,-0.2422,0.9489,0.2022,0.3011,-0.1247,0.9454),
			["RightUpperArm"] = CFrame.new(0,0,0,0.8133,-0.2854,0.5071,0.2863,0.955,0.0781,-0.5066,0.0816,0.8584),
		},
		[1.0666667222976685] = {
			["LeftLowerArm"] = CFrame.new(0,0,0,0.9148,0.394,-0.089,-0.2489,0.3763,-0.8925,-0.3183,0.8385,0.4423),
			["LowerTorso"] = CFrame.new(0.2726,-0.3871,-0.3911,0.4767,0.2052,-0.8549,-0.0484,0.977,0.2077,0.8777,-0.0578,0.4756),
			["Head"] = CFrame.new(0,0,0,0.8848,-0.2353,0.4023,0.0584,0.9124,0.405,-0.4624,-0.335,0.821),
			["RightHand"] = CFrame.new(0,0,0,0.3426,-0.0781,-0.9363,-0.3334,0.9216,-0.1988,0.8784,0.3801,0.2898),
			["LeftUpperArm"] = CFrame.new(0,0,0,0.4241,0.8954,-0.1358,-0.9027,0.4057,-0.1442,-0.0741,0.1836,0.9802),
			["RightLowerArm"] = CFrame.new(0,0,0,0.988,-0.1535,-0.0194,0.0304,0.3153,-0.9486,0.1516,0.9365,0.3161),
			["LeftHand"] = CFrame.new(0,0,0,0.9658,0.0444,0.2556,0.049,0.9363,-0.3478,-0.2548,0.3483,0.9021),
			["UpperTorso"] = CFrame.new(0,0,0,0.9485,0.1466,-0.281,-0.0749,0.9651,0.2511,0.3079,-0.2173,0.9263),
			["RightUpperArm"] = CFrame.new(0,0,0,0.9833,-0.1723,0.0584,0.1475,0.9431,0.2981,-0.1065,-0.2846,0.9527),
		},
		[1.2999999523162842] = {
			["LeftLowerArm"] = CFrame.new(0,0,0,0.9911,-0.1108,-0.074,-0.0787,-0.0387,-0.9963,0.1075,0.9931,-0.0471),
			["LowerTorso"] = CFrame.new(0.4201,-0.0917,-0.4904,0.9557,0.1157,0.2706,-0.1095,0.9933,-0.0383,-0.2733,0.0069,0.9619),
			["Head"] = CFrame.new(0,0,0,0.9877,0.1016,-0.1189,-0.0735,0.9724,0.2216,0.1381,-0.2102,0.9679),
			["RightHand"] = CFrame.new(0,0,0,0.5181,-0.1875,-0.8346,-0.3105,0.868,-0.3877,0.797,0.4599,0.3915),
			["LeftUpperArm"] = CFrame.new(0,0,0,0.8377,0.5371,0.099,-0.5185,0.7251,0.4533,0.1717,-0.4312,0.8858),
			["RightLowerArm"] = CFrame.new(0,0,0,0.8954,-0.3477,-0.2783,-0.1812,0.2864,-0.9409,0.4067,0.8928,0.1935),
			["LeftHand"] = CFrame.new(0,0,0,0.7386,-0.0882,0.6683,0.4059,0.8497,-0.3366,-0.5383,0.5198,0.6634),
			["UpperTorso"] = CFrame.new(0,0,0,0.9913,-0.0458,-0.1238,0.0614,0.9901,0.1262,0.1167,-0.1328,0.9843),
			["RightUpperArm"] = CFrame.new(0,0,0,0.6715,-0.6124,-0.4174,0.7178,0.6774,0.1612,0.184,-0.4079,0.8944),
		},
		[1.5] = {
			["LeftLowerArm"] = CFrame.new(0,0,0,0.9816,0.171,-0.0849,-0.0849,-0.0075,-0.9965,-0.1711,0.9852,0.0072),
			["LowerTorso"] = CFrame.new(0.5054,-0.1119,-0.5001,0.694,0.3193,0.6453,-0.2989,0.9432,-0.1455,-0.6552,-0.092,0.7499),
			["Head"] = CFrame.new(0,0,0,0.8614,0.217,-0.4593,-0.057,0.9396,0.3374,0.5047,-0.2646,0.8218),
			["RightHand"] = CFrame.new(0,0,0,0.3752,-0.1163,-0.9197,-0.5496,0.7711,-0.3217,0.7465,0.626,0.2254),
			["LeftUpperArm"] = CFrame.new(0,0,0,0.7181,0.6897,0.0928,-0.6645,0.6397,0.3864,0.2071,-0.3392,0.9176),
			["RightLowerArm"] = CFrame.new(0,0,0,0.8989,-0.366,-0.2413,-0.2685,-0.0247,-0.9631,0.3464,0.9303,-0.1205),
			["LeftHand"] = CFrame.new(0,0,0,0.6061,-0.1881,0.7728,0.5503,0.8006,-0.237,-0.5743,0.5689,0.5888),
			["UpperTorso"] = CFrame.new(0,0,0,0.9224,-0.3288,0.2026,0.2916,0.9369,0.1926,-0.2532,-0.1187,0.9601),
			["RightUpperArm"] = CFrame.new(0,0,0,-0.3062,-0.9075,0.2879,0.9043,-0.3718,-0.2102,0.2977,0.1961,0.9343),
		},
		[1.7000000476837158] = {
			["LeftLowerArm"] = CFrame.new(0,0,0,0.9771,0.1694,-0.1289,-0.1182,-0.0718,-0.9905,-0.1771,0.9829,-0.0502),
			["LowerTorso"] = CFrame.new(0.5205,-0.1116,-0.391,0.8577,0.38,0.3464,-0.4107,0.9117,0.0165,-0.3097,-0.1565,0.9379),
			["Head"] = CFrame.new(0,0,0,0.9123,0.1074,-0.3952,-0.0066,0.9687,0.2483,0.4094,-0.2241,0.8844),
			["RightHand"] = CFrame.new(0,0,0,0.4824,-0.0567,-0.8742,-0.5494,0.7578,-0.3523,0.6823,0.6501,0.3344),
			["LeftUpperArm"] = CFrame.new(0,0,0,0.7782,0.6267,-0.0404,-0.5759,0.7377,0.3526,0.2508,-0.2513,0.9349),
			["RightLowerArm"] = CFrame.new(0,0,0,0.9232,-0.3812,-0.0497,-0.1451,-0.2262,-0.9634,0.3559,0.8965,-0.2641),
			["LeftHand"] = CFrame.new(0,0,0,0.6047,-0.1847,0.7748,0.5592,0.7911,-0.248,-0.5673,0.5832,0.5816),
			["UpperTorso"] = CFrame.new(0,0,0,0.9415,-0.2821,0.1847,0.271,0.959,0.0832,-0.2007,-0.0284,0.9793),
			["RightUpperArm"] = CFrame.new(0,0,0,0.0249,-0.823,0.5677,0.9662,-0.126,-0.225,0.2565,0.5541,0.7919),
		},
		[1.9333332777023315] = {
			["LeftLowerArm"] = CFrame.new(0,0,0,0.9816,0.1858,-0.0446,-0.0599,0.0776,-0.9953,-0.1815,0.9795,0.0873),
			["LowerTorso"] = CFrame.new(0.4006,-0.1242,-0.2486,0.9026,0.2847,-0.323,-0.1952,0.9391,0.2828,0.3837,-0.1923,0.9032),
			["Head"] = CFrame.new(0,0,0,0.998,-0.0423,-0.0468,0.0538,0.9573,0.2841,0.0327,-0.2862,0.9577),
			["RightHand"] = CFrame.new(0,0,0,0.5566,0.089,-0.8261,-0.5776,0.7562,-0.3078,0.5972,0.6483,0.4723),
			["LeftUpperArm"] = CFrame.new(0,0,0,0.1687,0.9278,-0.333,-0.9751,0.2066,0.0817,0.1446,0.3108,0.9394),
			["RightLowerArm"] = CFrame.new(0,0,0,0.974,-0.0642,0.2173,0.1869,-0.3148,-0.9307,0.128,0.947,-0.2947),
			["LeftHand"] = CFrame.new(0,0,0,0.6709,-0.2272,0.7059,0.5469,0.7944,-0.2644,-0.5008,0.5634,0.6571),
			["UpperTorso"] = CFrame.new(0,0,0,0.9751,0.1937,-0.108,-0.1884,0.9804,0.0585,0.1171,-0.0368,0.9924),
			["RightUpperArm"] = CFrame.new(0,0,0,0.5345,-0.3259,0.7798,0.7386,0.6286,-0.2438,-0.4109,0.7062,0.5766),
		},
		[2.133333444595337] = {
			["LeftLowerArm"] = CFrame.new(0,0,0,0.9363,0.3073,-0.1701,-0.1369,-0.1267,-0.9826,-0.3236,0.9431,-0.0766),
			["LowerTorso"] = CFrame.new(0.2055,-0.1377,-0.2447,0.9425,0.1477,-0.3001,-0.1477,0.9888,0.0229,0.3,0.0227,0.9537),
			["Head"] = CFrame.new(0,0,0,0.9797,0.0478,-0.1946,0.0395,0.9059,0.4217,0.1963,-0.421,0.8856),
			["RightHand"] = CFrame.new(0,0,0,0.8554,0.1086,-0.5065,-0.341,0.8542,-0.3928,0.3899,0.5085,0.7677),
			["LeftUpperArm"] = CFrame.new(0,0,0,0.54,0.4117,-0.7342,-0.7488,0.6333,-0.1957,0.3844,0.6553,0.6503),
			["RightLowerArm"] = CFrame.new(0,0,0,0.8508,-0.3027,0.4296,0.3436,-0.2985,-0.8906,0.3977,0.9052,-0.15),
			["LeftHand"] = CFrame.new(0,0,0,0.6234,-0.1104,0.7741,0.4599,0.8524,-0.249,-0.6324,0.5111,0.5821),
			["UpperTorso"] = CFrame.new(0,0,0,0.9864,0.1155,-0.1168,-0.1032,0.9889,0.1073,0.1278,-0.0939,0.9874),
			["RightUpperArm"] = CFrame.new(0,0,0,0.6099,-0.5221,0.5963,0.779,0.5329,-0.3305,-0.1454,0.666,0.7316),
		},
		[2.366666555404663] = {
			["LeftLowerArm"] = CFrame.new(0,0,0,0.9177,0.2394,-0.3172,-0.2293,-0.3332,-0.9147,-0.3247,0.912,-0.2509),
			["LowerTorso"] = CFrame.new(0.2163,-0.0718,-0.2333,0.9955,0.026,0.0916,-0.0244,0.9995,-0.0194,-0.0921,0.017,0.9956),
			["Head"] = CFrame.new(0,0,0,0.9572,0.0779,-0.2789,0.0383,0.9205,0.3888,0.287,-0.383,0.8781),
			["RightHand"] = CFrame.new(0,0,0,0.964,0.0841,-0.2524,-0.1929,0.8745,-0.4452,0.1832,0.4777,0.8592),
			["LeftUpperArm"] = CFrame.new(0,0,0,0.6923,0.1628,-0.7031,-0.491,0.8204,-0.2935,0.529,0.5482,0.6478),
			["RightLowerArm"] = CFrame.new(0,0,0,0.6958,-0.529,0.4859,0.3895,-0.2906,-0.8741,0.6034,0.7974,0.0038),
			["LeftHand"] = CFrame.new(0,0,0,0.692,-0.0797,0.7175,0.4295,0.8442,-0.3207,-0.5803,0.5301,0.6184),
			["UpperTorso"] = CFrame.new(0,0,0,0.9973,0.0618,-0.0397,-0.0588,0.9954,0.0755,0.0441,-0.0731,0.9964),
			["RightUpperArm"] = CFrame.new(0,0,0,0.7585,-0.6504,0.0434,0.6355,0.7231,-0.2708,0.1447,0.2329,0.9617),
		},
		[2.566666603088379] = {
			["LeftLowerArm"] = CFrame.new(0,0,0,0.9172,0.2042,-0.3422,-0.2638,-0.3327,-0.9056,-0.2987,0.9207,-0.2513),
			["LowerTorso"] = CFrame.new(0.2424,-0.0543,-0.2311,0.9855,0.017,0.169,-0.0154,0.9998,-0.0112,-0.1693,0.0084,0.9855),
			["Head"] = CFrame.new(0,0,0,0.954,0.0987,-0.2831,0.0206,0.9203,0.3906,0.299,-0.3785,0.876),
			["RightHand"] = CFrame.new(0,0,0,0.968,0.0666,-0.242,-0.1746,0.8715,-0.4585,0.1803,0.4859,0.8552),
			["LeftUpperArm"] = CFrame.new(0,0,0,0.6985,0.1198,-0.7056,-0.431,0.8576,-0.281,0.5713,0.5002,0.6506),
			["RightLowerArm"] = CFrame.new(0,0,0,0.669,-0.5677,0.4798,0.3855,-0.2871,-0.877,0.6355,0.7717,0.0268),
			["LeftHand"] = CFrame.new(0,0,0,0.7104,-0.0549,0.7016,0.4023,0.8496,-0.3411,-0.5775,0.5245,0.6256),
			["UpperTorso"] = CFrame.new(0,0,0,0.9986,0.0464,-0.024,-0.0445,0.9961,0.0759,0.0273,-0.0748,0.9968),
			["RightUpperArm"] = CFrame.new(0,0,0,0.7716,-0.6338,0.0547,0.6197,0.7296,-0.2895,0.1435,0.2572,0.9557),
		},
		[2.7666666507720947] = {
			["LeftLowerArm"] = CFrame.new(0,0,0,0.9165,0.1954,-0.3491,-0.271,-0.3389,-0.9011,-0.2944,0.9203,-0.2577),
			["LowerTorso"] = CFrame.new(0.205,-0.0465,-0.2089,0.9909,0.0146,0.1341,-0.0139,0.9999,-0.007,-0.1342,0.0049,0.9909),
			["Head"] = CFrame.new(0,0,0,0.9584,0.0979,-0.2682,0.0171,0.9179,0.3964,0.2849,-0.3846,0.8781),
			["RightHand"] = CFrame.new(0,0,0,0.9636,0.0708,-0.2577,-0.1863,0.8694,-0.4577,0.1916,0.489,0.851),
			["LeftUpperArm"] = CFrame.new(0,0,0,0.6843,0.1203,-0.7193,-0.4514,0.8446,-0.2882,0.5727,0.5217,0.6323),
			["RightLowerArm"] = CFrame.new(0,0,0,0.6701,-0.5514,0.497,0.3916,-0.3063,-0.8678,0.6305,0.7761,0.0107),
			["LeftHand"] = CFrame.new(0,0,0,0.7083,-0.0367,0.7049,0.3877,0.8548,-0.3452,-0.59,0.5177,0.6196),
			["UpperTorso"] = CFrame.new(0,0,0,0.9985,0.0497,-0.0215,-0.048,0.9959,0.0774,0.0251,-0.0764,0.9968),
			["RightUpperArm"] = CFrame.new(0,0,0,0.7893,-0.6116,0.0554,0.6011,0.7511,-0.2731,0.1253,0.2488,0.9604),
		},
		[2.9666666984558105] = {
			["LeftLowerArm"] = CFrame.new(0,0,0,0.9178,0.1944,-0.3462,-0.2662,-0.3459,-0.8999,-0.2947,0.918,-0.2657),
			["LowerTorso"] = CFrame.new(0.1789,-0.0477,-0.2075,0.9934,0.0179,0.1129,-0.0159,0.9997,-0.0191,-0.1133,0.0171,0.9934),
			["Head"] = CFrame.new(0,0,0,0.9602,0.1004,-0.2606,0.0143,0.9141,0.4052,0.2788,-0.3929,0.8764),
			["RightHand"] = CFrame.new(0,0,0,0.9628,0.0652,-0.2623,-0.1836,0.87,-0.4577,0.1982,0.4887,0.8496),
			["LeftUpperArm"] = CFrame.new(0,0,0,0.6809,0.122,-0.7223,-0.4562,0.8421,-0.2879,0.5731,0.5253,0.629),
			["RightLowerArm"] = CFrame.new(0,0,0,0.6717,-0.5507,0.4956,0.3897,-0.3064,-0.8686,0.6301,0.7765,0.0089),
			["LeftHand"] = CFrame.new(0,0,0,0.6931,-0.0353,0.72,0.3939,0.855,-0.3375,-0.6038,0.5174,0.6064),
			["UpperTorso"] = CFrame.new(0,0,0,0.9987,0.0467,-0.0183,-0.0452,0.9958,0.0802,0.0219,-0.0794,0.9966),
			["RightUpperArm"] = CFrame.new(0,0,0,0.7977,-0.6001,0.061,0.5919,0.7595,-0.27,0.1156,0.2514,0.961),
		},
	}
}
