return {
	Settings = {
		Loop = false,
		Priority = Enum.AnimationPriority.Action
	},
	Timestamps = {
		[0] = {
			["LeftLowerArm"] = CFrame.new(0,0,0,0.7942,-0.2961,-0.5308,-0.5763,-0.0891,-0.8127,0.1931,0.951,-0.241),
			["RightUpperArm"] = CFrame.new(0,0,0,0.9851,0.172,-0.0021,-0.1491,0.8591,0.4891,0.086,-0.4822,0.8722),
			["Head"] = CFrame.new(0,0,0,0.9997,0.026,-0.0031,-0.0241,0.9702,0.2409,0.009,-0.2411,0.9705),
			["UpperTorso"] = CFrame.new(0,0,0,0.9974,0.039,0.062,-0.0421,0.9974,0.058,-0.0591,-0.0611,0.9964),
			["RightHand"] = CFrame.new(0,0,0,0.9991,0.042,-0.0091,-0.0421,0.994,-0.1011,0.005,0.101,0.9948),
			["LeftUpperArm"] = CFrame.new(0,0,0,0.8937,-0.3672,0.2582,0.089,0.7082,0.7004,-0.4399,-0.6032,0.6654),
			["RightLowerArm"] = CFrame.new(0,0,0,0.852,0.06,0.52,0.517,0.059,-0.8541,-0.0821,0.9965,0.019),
			["LeftHand"] = CFrame.new(0,0,0,0.981,-0.0261,-0.1922,-0.0431,0.9371,-0.3462,0.189,0.348,0.9183),
			["LeftUpperLeg"] = CFrame.new(0,0,0,0.9835,-0.0581,0.1709,0.1639,0.6872,-0.7077,-0.0771,0.7242,0.6856),
			["LowerTorso"] = CFrame.new(0.012,-0.1351,0.101,0.9987,-0.0271,0.044,0.022,0.9953,0.095,-0.0471,-0.0931,0.9945),
			["RightLowerLeg"] = CFrame.new(0,0,0,0.9996,-0.0261,0.009,0.011,0.6778,0.735,-0.0251,-0.7349,0.678),
			["RightUpperLeg"] = CFrame.new(0,0,0,0.9944,0.056,-0.0891,-0.0831,0.9406,-0.3291,0.065,0.3349,0.9401),
			["LeftLowerLeg"] = CFrame.new(0,0,0,0.9538,0.063,0.2939,-0.248,-0.3883,0.8876,0.17,-0.9195,-0.3549),
		},
		[0.20000000298023224] = {
			["LeftLowerArm"] = CFrame.new(0,0,0,0.7249,0.2642,-0.6357,-0.5,0.8375,-0.2219,0.4739,0.4783,0.7395),
			["RightUpperArm"] = CFrame.new(0,0,0,0.8581,-0.2962,-0.4192,0.513,0.5321,0.6742,0.023,-0.7933,0.6082),
			["Head"] = CFrame.new(0,0,0,0.8727,-0.4879,0.014,0.3699,0.6797,0.633,-0.319,-0.5479,0.774),
			["UpperTorso"] = CFrame.new(0,0,0,0.9844,-0.1661,0.058,0.1541,0.9731,0.1709,-0.0851,-0.1601,0.9836),
			["RightHand"] = CFrame.new(0,0,0,0.9369,-0.3041,0.172,0.255,0.9319,0.2579,-0.2391,-0.1981,0.9507),
			["LeftUpperArm"] = CFrame.new(0,0,0,0.8081,-0.538,0.239,0.002,0.4079,0.9129,-0.5892,-0.7379,0.331),
			["RightLowerArm"] = CFrame.new(0,0,0,0.8791,0.442,0.178,0.413,-0.5201,-0.7483,-0.2381,0.731,-0.6393),
			["LeftHand"] = CFrame.new(0,0,0,0.9253,0.134,-0.355,-0.2382,0.9327,-0.271,0.2951,0.3349,0.8948),
			["LeftUpperLeg"] = CFrame.new(0,0,0,0.9856,0.064,-0.1571,-0.159,0.6677,-0.7273,0.058,0.7417,0.6682),
			["LowerTorso"] = CFrame.new(0.012,-0.1351,0.101,0.7249,0.2761,-0.6308,-0.46,0.8762,-0.144,0.5129,0.3951,0.7626),
			["RightLowerLeg"] = CFrame.new(0,0,0,0.6848,0.2271,0.693,-0.536,-0.4873,0.689,0.4939,-0.8434,-0.2121),
			["RightUpperLeg"] = CFrame.new(0,0,0,0.9293,-0.3132,0.196,0.3001,0.9493,0.093,-0.2152,-0.0281,0.9762),
			["LeftLowerLeg"] = CFrame.new(0,0,0,0.9786,0.195,0.067,-0.204,0.8761,0.437,0.026,-0.4411,0.897),
		},
		[0.4000000059604645] = {
			["LeftLowerArm"] = CFrame.new(0,0,0,0.7968,0.396,-0.4569,-0.41,0.909,0.072,0.4439,0.13,0.8866),
			["RightUpperArm"] = CFrame.new(0,0,0,0.7957,-0.4702,-0.3822,0.5608,0.8102,0.171,0.2289,-0.3502,0.9082),
			["Head"] = CFrame.new(0,0,0,0.8719,-0.4852,-0.0721,0.4689,0.7831,0.4081,-0.1411,-0.3892,0.9101),
			["UpperTorso"] = CFrame.new(0,0,0,0.8903,-0.0221,-0.4551,0.1961,0.9197,0.34,0.4111,-0.392,0.823),
			["RightHand"] = CFrame.new(0,0,0,0.356,-0.9149,0.19,0.9021,0.3899,0.186,-0.2441,0.105,0.964),
			["LeftUpperArm"] = CFrame.new(0,0,0,0.914,-0.3571,-0.1931,0.399,0.8769,0.268,0.073,-0.3221,0.9439),
			["RightLowerArm"] = CFrame.new(0,0,0,0.743,0.064,0.6662,0.668,-0.0081,-0.7443,-0.0421,0.9979,-0.0491),
			["LeftHand"] = CFrame.new(0,0,0,0.632,0.5221,-0.5729,-0.7471,0.6071,-0.271,0.206,0.5991,0.7737),
			["LeftUpperLeg"] = CFrame.new(0,0,0,0.9795,0.2,-0.0261,-0.1432,0.5959,-0.7904,-0.1422,0.7778,0.6122),
			["LowerTorso"] = CFrame.new(0.012,-0.1351,0.101,0.2331,0.6521,-0.7213,-0.8114,0.5391,0.2251,0.5362,0.5331,0.6552),
			["RightLowerLeg"] = CFrame.new(0,0,0,0.9956,0.056,-0.0741,0.093,-0.5351,0.8398,0.007,-0.8431,-0.538),
			["RightUpperLeg"] = CFrame.new(0,0,0,0.8077,0.2399,-0.5389,-0.5589,0.021,-0.8289,-0.188,0.9706,0.151),
			["LeftLowerLeg"] = CFrame.new(0,0,0,0.9865,0.045,-0.1571,-0.0291,0.9941,0.105,0.1609,-0.0991,0.982),
		},
		[0.6000000238418579] = {
			["LeftLowerArm"] = CFrame.new(0,0,0,0.8469,0.4261,-0.3191,-0.409,0.9043,0.122,0.34,0.027,0.9399),
			["RightUpperArm"] = CFrame.new(0,0,0,0.5981,-0.7803,-0.183,0.7721,0.6222,-0.1291,0.215,-0.0641,0.9746),
			["Head"] = CFrame.new(0,0,0,0.9468,-0.3031,-0.1101,0.3189,0.8351,0.4481,-0.0431,-0.4592,0.8872),
			["UpperTorso"] = CFrame.new(0,0,0,0.8793,0.095,-0.467,0.1721,0.8501,0.4979,0.4441,-0.5181,0.7308),
			["RightHand"] = CFrame.new(0,0,0,0.5621,-0.8263,0.04,0.7371,0.4781,-0.4771,0.3751,0.2981,0.878),
			["LeftUpperArm"] = CFrame.new(0,0,0,0.9199,-0.3521,-0.1731,0.3899,0.8681,0.307,0.042,-0.3501,0.9359),
			["RightLowerArm"] = CFrame.new(0,0,0,0.8968,-0.4111,0.164,0.3839,0.538,-0.75,0.2199,0.736,0.6409),
			["LeftHand"] = CFrame.new(0,0,0,0.748,0.5011,-0.436,-0.5741,0.8171,-0.0461,0.333,0.285,0.8988),
			["LeftUpperLeg"] = CFrame.new(0,0,0,0.9387,0.3439,0.005,-0.222,0.6159,-0.7564,-0.264,0.7088,0.6542),
			["LowerTorso"] = CFrame.new(0.012,-0.1351,0.101,0.0941,0.6368,-0.7659,-0.7325,0.5648,0.3799,0.6744,0.5248,0.5189),
			["RightLowerLeg"] = CFrame.new(0,0,0,0.9997,-0.0201,-0.0111,-0.0091,-0.7952,0.6068,-0.0211,-0.6062,-0.7949),
			["RightUpperLeg"] = CFrame.new(0,0,0,0.776,0.207,-0.5962,-0.6231,0.103,-0.7753,-0.0991,0.9729,0.209),
			["LeftLowerLeg"] = CFrame.new(0,0,0,0.9944,0.054,-0.0911,-0.0271,0.9622,0.2711,0.102,-0.2671,0.9582),
		},
		[0.8330000042915344] = {
			["LeftLowerArm"] = CFrame.new(0,0,0,0.712,0.3461,-0.6111,-0.2631,0.9382,0.225,0.651,0,0.759),
			["RightUpperArm"] = CFrame.new(0,0,0,0.9708,-0.2182,-0.1021,0.2199,0.9752,0.015,0.096,-0.0371,0.9947),
			["Head"] = CFrame.new(0,0,0,0.9879,-0.0511,0.146,0.009,0.9603,0.279,-0.1551,-0.2742,0.9491),
			["UpperTorso"] = CFrame.new(0,0,0,0.991,-0.0431,-0.1261,0.098,0.8783,0.4679,0.091,-0.4763,0.8748),
			["RightHand"] = CFrame.new(0,0,0,0.8625,-0.1251,-0.4901,0.037,0.9822,-0.1841,0.5047,0.14,0.8521),
			["LeftUpperArm"] = CFrame.new(0,0,0,0.9218,-0.3842,-0.0521,0.3779,0.8603,0.3421,-0.0861,-0.3352,0.9382),
			["RightLowerArm"] = CFrame.new(0,0,0,0.6842,-0.691,-0.2322,0.3511,0.5919,-0.7263,0.6392,0.415,0.6472),
			["LeftHand"] = CFrame.new(0,0,0,0.6303,0.147,-0.7627,-0.2872,0.9562,-0.0531,0.7213,0.2531,0.6447),
			["LeftUpperLeg"] = CFrame.new(0,0,0,0.7897,0.5751,-0.213,-0.158,-0.1451,-0.9769,-0.5929,0.8051,-0.0241),
			["LowerTorso"] = CFrame.new(0.012,-0.1351,0.101,0.2599,0.6184,-0.7421,-0.4359,0.7605,0.481,0.8617,0.1981,0.467),
			["RightLowerLeg"] = CFrame.new(0,0,0,0.4281,-0.0071,0.9038,-0.6063,-0.7442,0.2809,0.6702,-0.6682,-0.323),
			["RightUpperLeg"] = CFrame.new(0,0,0,0.7493,-0.6509,0.123,0.4222,0.3259,-0.846,0.5102,0.6858,0.5189),
			["LeftLowerLeg"] = CFrame.new(0,0,0,0.9569,-0.0942,-0.2751,0.29,0.3592,0.887,0.015,-0.9286,0.371),
		},
		[1.0670000314712524] = {
			["LeftLowerArm"] = CFrame.new(0,0,0,0.8846,0.4591,-0.0831,-0.4639,0.8841,-0.0551,0.048,0.087,0.995),
			["RightUpperArm"] = CFrame.new(0,0,0,0.9213,0.3141,0.2289,-0.3352,0.9403,0.059,-0.1972,-0.1311,0.9717),
			["Head"] = CFrame.new(0,0,0,0.9763,-0.1431,0.162,0.157,0.9848,-0.0751,-0.1491,0.099,0.9839),
			["UpperTorso"] = CFrame.new(0,0,0,0.9752,-0.0781,-0.207,0.146,0.9293,0.3389,0.166,-0.3612,0.9178),
			["RightHand"] = CFrame.new(0,0,0,0.9993,0.019,0.034,-0.0031,0.9101,-0.414,-0.0381,0.414,0.9097),
			["LeftUpperArm"] = CFrame.new(0,0,0,0.9136,0.159,-0.3742,-0.332,0.8232,-0.4602,0.2349,0.5451,0.8052),
			["RightLowerArm"] = CFrame.new(0,0,0,0.847,0.093,0.5229,0.53,-0.2211,-0.8189,0.04,0.9708,-0.237),
			["LeftHand"] = CFrame.new(0,0,0,0.9149,0.395,0.081,-0.3501,0.8781,-0.3261,-0.2011,0.27,0.9419),
			["LeftUpperLeg"] = CFrame.new(0,0,0,0.9358,0.2951,0.193,0.2699,-0.2462,-0.931,-0.227,0.9232,-0.3101),
			["LowerTorso"] = CFrame.new(0.012,-0.1351,0.101,0.8378,0.201,-0.5082,-0.0151,0.9381,0.3451,0.5458,-0.2821,0.7892),
			["RightLowerLeg"] = CFrame.new(0,0,0,0.6884,0.104,0.7178,-0.6704,0.469,0.5748,-0.2772,-0.8771,0.3929),
			["RightUpperLeg"] = CFrame.new(0,0,0,0.9724,0.01,-0.233,-0.0091,0.9999,0.004,0.2331,-0.0021,0.9725),
			["LeftLowerLeg"] = CFrame.new(0,0,0,0.9978,-0.0591,-0.0291,0.001,-0.4232,0.9061,-0.0661,-0.9043,-0.4222),
		},
		[1.2999999523162842] = {
			["LeftLowerArm"] = CFrame.new(0,0,0,0.7214,0.214,-0.659,-0.5444,-0.414,-0.73,-0.4283,0.8848,-0.1821),
			["RightUpperArm"] = CFrame.new(0,0,0,0.9446,0.2039,-0.2581,-0.0581,0.8756,0.479,0.3232,-0.4379,0.839),
			["Head"] = CFrame.new(0,0,0,0.9923,-0.0751,0.097,0.071,0.9963,0.049,-0.1011,-0.0421,0.9941),
			["UpperTorso"] = CFrame.new(0,0,0,0.9953,0.023,-0.0941,0,0.9729,0.2311,0.097,-0.2301,0.9684),
			["RightHand"] = CFrame.new(0,0,0,0.9687,-0.0631,0.24,0.115,0.9711,-0.2091,-0.22,0.23,0.948),
			["LeftUpperArm"] = CFrame.new(0,0,0,0.5859,0.036,-0.81,-0.2201,0.9686,-0.1161,0.7799,0.2461,0.5749),
			["RightLowerArm"] = CFrame.new(0,0,0,0.8435,-0.4191,0.337,0.5203,0.481,-0.7051,0.1331,0.7701,0.624),
			["LeftHand"] = CFrame.new(0,0,0,0.9559,0.2921,0.028,-0.2831,0.9424,-0.1792,-0.0791,0.1631,0.9834),
			["LeftUpperLeg"] = CFrame.new(0,0,0,0.8999,-0.0511,0.433,-0.0321,0.9829,0.181,-0.435,-0.1771,0.883),
			["LowerTorso"] = CFrame.new(0.012,-0.1351,0.101,0.9793,0.021,-0.201,0.03,0.9693,0.2439,0.2001,-0.2452,0.9487),
			["RightLowerLeg"] = CFrame.new(0,0,0,0.9955,-0.0611,0.072,-0.0341,0.4761,0.8787,-0.0881,-0.8774,0.4719),
			["RightUpperLeg"] = CFrame.new(0,0,0,0.9741,0.1219,-0.1911,-0.2031,0.099,-0.9741,-0.1001,0.9876,0.122),
			["LeftLowerLeg"] = CFrame.new(0,0,0,0.894,0.042,-0.4459,0.272,0.7392,0.6157,0.356,-0.6723,0.6497),
		},
		[1.5] = {
			["LeftLowerArm"] = CFrame.new(0,0,0,0.775,-0.3482,-0.5281,-0.5701,-0.0241,-0.8211,0.273,0.9372,-0.2171),
			["RightUpperArm"] = CFrame.new(0,0,0,0.9749,0.1861,-0.1221,-0.0871,0.8233,0.5609,0.205,-0.5363,0.8189),
			["Head"] = CFrame.new(0,0,0,0.9999,0.016,0.006,-0.0171,0.9733,0.2289,-0.0021,-0.2292,0.9734),
			["UpperTorso"] = CFrame.new(0,0,0,0.9974,0.044,0.056,-0.0481,0.9961,0.074,-0.0531,-0.0761,0.9957),
			["RightHand"] = CFrame.new(0,0,0,0.9987,-0.0491,0.015,0.05,0.9925,-0.1111,-0.0101,0.1119,0.9937),
			["LeftUpperArm"] = CFrame.new(0,0,0,0.9633,-0.2211,0.152,0.067,0.7461,0.662,-0.2602,-0.6282,0.734),
			["RightLowerArm"] = CFrame.new(0,0,0,0.8383,-0.0121,0.5449,0.5382,0.178,-0.824,-0.0871,0.984,0.156),
			["LeftHand"] = CFrame.new(0,0,0,0.9706,-0.0021,-0.2412,-0.0781,0.9432,-0.3223,0.2279,0.3321,0.9155),
			["LeftUpperLeg"] = CFrame.new(0,0,0,0.9753,-0.0241,0.2191,0.141,0.8333,-0.5344,-0.1702,0.5522,0.8164),
			["LowerTorso"] = CFrame.new(0.012,-0.1351,0.101,0.9995,-0.0271,0.017,0.025,0.9925,0.119,-0.0201,-0.119,0.9928),
			["RightLowerLeg"] = CFrame.new(0,0,0,0.9983,0.023,0.053,-0.0541,0.681,0.7302,-0.0201,-0.7321,0.6812),
			["RightUpperLeg"] = CFrame.new(0,0,0,0.9941,0.023,-0.1051,-0.0771,0.8388,-0.539,0.076,0.5439,0.8358),
			["LeftLowerLeg"] = CFrame.new(0,0,0,0.9731,0.1109,0.202,-0.1741,-0.223,0.9591,0.151,-0.9686,-0.1981),
		},
		[1.5329999923706055] = {
			["LeftLowerArm"] = CFrame.new(0,0,0,0.7942,-0.2961,-0.5308,-0.5763,-0.0891,-0.8127,0.1931,0.951,-0.241),
			["RightUpperArm"] = CFrame.new(0,0,0,0.9851,0.172,-0.0021,-0.1491,0.8591,0.4891,0.086,-0.4822,0.8722),
			["Head"] = CFrame.new(0,0,0,0.9997,0.026,-0.0031,-0.0241,0.9702,0.2409,0.009,-0.2411,0.9705),
			["UpperTorso"] = CFrame.new(0,0,0,0.9974,0.039,0.062,-0.0421,0.9974,0.058,-0.0591,-0.0611,0.9964),
			["RightHand"] = CFrame.new(0,0,0,0.9991,0.042,-0.0091,-0.0421,0.994,-0.1011,0.005,0.101,0.9948),
			["LeftUpperArm"] = CFrame.new(0,0,0,0.8937,-0.3672,0.2582,0.088,0.7082,0.7004,-0.44,-0.6032,0.6654),
			["RightLowerArm"] = CFrame.new(0,0,0,0.852,0.06,0.52,0.517,0.059,-0.8541,-0.0821,0.9965,0.019),
			["LeftHand"] = CFrame.new(0,0,0,0.981,-0.0261,-0.1922,-0.0431,0.9371,-0.3462,0.189,0.348,0.9183),
			["LeftUpperLeg"] = CFrame.new(0,0,0,0.9835,-0.0581,0.1709,0.1639,0.6872,-0.7077,-0.0771,0.7242,0.6856),
			["LowerTorso"] = CFrame.new(0.012,-0.1351,0.101,0.9987,-0.0271,0.044,0.022,0.9953,0.095,-0.0471,-0.0931,0.9945),
			["RightLowerLeg"] = CFrame.new(0,0,0,0.9996,-0.0261,0.009,0.011,0.6778,0.735,-0.0251,-0.7349,0.678),
			["RightUpperLeg"] = CFrame.new(0,0,0,0.9944,0.056,-0.0891,-0.0831,0.9406,-0.3291,0.065,0.3349,0.9401),
			["LeftLowerLeg"] = CFrame.new(0,0,0,0.9538,0.063,0.2939,-0.248,-0.3883,0.8876,0.17,-0.9195,-0.3549),
		},
	}
}
