return {
	Settings = {
		Loop = false,
		Priority = Enum.AnimationPriority.Action
	},
	Timestamps = {
		[0] = {
			["LeftLowerArm"] = CFrame.new(0,0,0,0.8246,0.517,-0.23,-0.5658,0.753,-0.335,0,0.407,0.9138),
			["RightUpperArm"] = CFrame.new(0,0,0,0.9623,-0.2172,0.1629,0.2611,0.5702,-0.7788,0.076,0.7923,0.6058),
			["Head"] = CFrame.new(0,0,0,0.9943,-0.0481,-0.0961,0.065,0.9796,0.19,0.085,-0.195,0.9771),
			["UpperTorso"] = CFrame.new(0,0,0,0.9993,-0.0131,0.035,-0.0011,0.919,0.3942,-0.0371,-0.3941,0.9184),
			["RightHand"] = CFrame.new(0,0,0,0.6597,-0.2011,0.7238,0.6677,0.5991,-0.442,-0.345,0.7751,0.5299),
			["LeftUpperArm"] = CFrame.new(0,0,0,0.9147,-0.0431,-0.4022,0.2039,0.907,0.3681,0.3489,-0.4191,0.8383),
			["RightLowerArm"] = CFrame.new(0,0,0,0.8243,-0.24,0.512,0.5662,0.3498,-0.7471,0,0.9056,0.424),
			["LeftHand"] = CFrame.new(0,0,0,0.891,-0.1842,0.4151,0.325,0.8973,-0.2992,-0.3171,0.4011,0.8592),
			["LeftUpperLeg"] = CFrame.new(0,0,0,0.9852,-0.0371,-0.1671,-0.1661,-0.449,-0.8779,-0.0431,0.8928,-0.449),
			["LowerTorso"] = CFrame.new(-0.1301,-0.5691,0.005,0.8369,-0.3342,0.4331,-0.0381,0.7551,0.6551,-0.5461,-0.5642,0.6191),
			["RightLowerLeg"] = CFrame.new(0,0,0,0.993,-0.0031,-0.1182,0.118,-0.0561,0.9915,-0.0101,-0.9985,-0.0551),
			["RightUpperLeg"] = CFrame.new(0,0,0,0.9656,0.024,-0.259,-0.254,-0.1282,-0.9588,-0.0571,0.9915,-0.1181),
			["LeftLowerLeg"] = CFrame.new(0,0,0,0.9933,0.005,0.115,-0.1071,-0.3352,0.9362,0.043,-0.9423,-0.3322),
		},
		[0.20000000298023224] = {
			["LeftLowerArm"] = CFrame.new(0,0,0,0.8246,0.5052,-0.2551,-0.5658,0.7363,-0.3711,0,0.4502,0.8929),
			["RightUpperArm"] = CFrame.new(0,0,0,0.9633,-0.0181,0.2679,0.2191,0.6291,-0.7459,-0.1551,0.7771,0.6099),
			["Head"] = CFrame.new(0,0,0,0.9948,-0.1011,-0.0131,0.101,0.9665,0.2359,-0.0111,-0.236,0.9717),
			["UpperTorso"] = CFrame.new(0,0,0,0.974,-0.1711,0.148,0.106,0.9248,0.3651,-0.2001,-0.34,0.9191),
			["RightHand"] = CFrame.new(0,0,0,0.5741,-0.0801,0.8148,0.6691,0.6198,-0.411,-0.4721,0.7807,0.4089),
			["LeftUpperArm"] = CFrame.new(0,0,0,0.8975,-0.1341,-0.42,0.3048,0.8768,0.3719,0.3188,-0.462,0.8278),
			["RightLowerArm"] = CFrame.new(0,0,0,0.8243,-0.2341,0.5152,0.5662,0.342,-0.7504,0,0.9101,0.4142),
			["LeftHand"] = CFrame.new(0,0,0,0.8583,-0.2181,0.4648,0.3751,0.8842,-0.278,-0.3502,0.4131,0.8407),
			["LeftUpperLeg"] = CFrame.new(0,0,0,0.9479,-0.2621,0.182,0.089,-0.3301,-0.94,0.306,0.9069,-0.2891),
			["LowerTorso"] = CFrame.new(-0.1301,-0.5691,0.005,0.9448,-0.251,0.211,0.066,0.7758,0.627,-0.321,-0.579,0.7499),
			["RightLowerLeg"] = CFrame.new(0,0,0,0.9951,-0.0021,-0.099,0.093,0.3671,0.9254,0.035,-0.9303,0.3658),
			["RightUpperLeg"] = CFrame.new(0,0,0,0.8657,0.426,-0.263,-0.4959,0.658,-0.5669,-0.0691,0.621,0.7808),
			["LeftLowerLeg"] = CFrame.new(0,0,0,0.958,0.025,0.285,-0.1251,0.933,0.338,-0.2581,-0.3591,0.897),
		},
		[0.4000000059604645] = {
			["LeftLowerArm"] = CFrame.new(0,0,0,0.8246,0.492,-0.2792,-0.5658,0.7169,-0.4082,0,0.494,0.8692),
			["RightUpperArm"] = CFrame.new(0,0,0,0.9831,-0.0961,0.156,0.178,0.6978,-0.694,-0.0421,0.7098,0.7029),
			["Head"] = CFrame.new(0,0,0,0.9987,-0.0391,-0.0341,0.043,0.9888,0.143,0.028,-0.1441,0.9891),
			["UpperTorso"] = CFrame.new(0,0,0,0.9943,-0.0961,0.047,0.071,0.9249,0.3741,-0.0801,-0.3681,0.9262),
			["RightHand"] = CFrame.new(0,0,0,0.5872,-0.1201,0.8003,0.6693,0.628,-0.3973,-0.4553,0.7689,0.4492),
			["LeftUpperArm"] = CFrame.new(0,0,0,0.8835,-0.1051,-0.456,0.2938,0.8838,0.3649,0.3648,-0.456,0.8118),
			["RightLowerArm"] = CFrame.new(0,0,0,0.8243,-0.2131,0.5239,0.5662,0.3111,-0.7639,0,0.9262,0.3769),
			["LeftHand"] = CFrame.new(0,0,0,0.902,-0.198,0.3832,0.331,0.8876,-0.3203,-0.2771,0.4158,0.8664),
			["LeftUpperLeg"] = CFrame.new(0,0,0,0.8768,-0.2121,0.4322,0.3339,-0.3782,-0.8635,0.3459,0.9012,-0.2602),
			["LowerTorso"] = CFrame.new(-0.1301,-0.5691,0.005,0.8539,-0.3142,0.4159,-0.0221,0.7752,0.6309,-0.52,-0.5482,0.6549),
			["RightLowerLeg"] = CFrame.new(0,0,0,0.9946,0.007,-0.1041,0.103,-0.2231,0.9695,-0.0161,-0.9749,-0.2222),
			["RightUpperLeg"] = CFrame.new(0,0,0,0.8684,0.1091,-0.4839,-0.4413,0.6144,-0.6539,0.2261,0.7815,0.5818),
			["LeftLowerLeg"] = CFrame.new(0,0,0,0.9835,0.019,0.1799,-0.1802,0.197,0.9636,-0.0171,-0.9803,0.1979),
		},
		[0.6000000238418579] = {
			["LeftLowerArm"] = CFrame.new(0,0,0,0.8246,0.4921,-0.2782,-0.5658,0.7181,-0.4063,0,0.4921,0.8704),
			["RightUpperArm"] = CFrame.new(0,0,0,0.9218,-0.3582,0.149,0.3549,0.6243,-0.6963,0.156,0.6943,0.7022),
			["Head"] = CFrame.new(0,0,0,0.9961,0.011,-0.0871,-0.0041,0.9968,0.08,0.088,-0.0791,0.993),
			["UpperTorso"] = CFrame.new(0,0,0,0.9989,0.013,0.045,-0.0291,0.922,0.3861,-0.0361,-0.3871,0.9213),
			["RightHand"] = CFrame.new(0,0,0,0.6576,-0.2771,0.7006,0.6826,0.613,-0.3989,-0.3189,0.74,0.5917),
			["LeftUpperArm"] = CFrame.new(0,0,0,0.8194,-0.0031,-0.573,0.1861,0.9471,0.261,0.5422,-0.3211,0.7769),
			["RightLowerArm"] = CFrame.new(0,0,0,0.8243,-0.2041,0.5281,0.5662,0.297,-0.7692,0,0.9329,0.36),
			["LeftHand"] = CFrame.new(0,0,0,0.9339,-0.0991,0.3428,0.226,0.908,-0.3529,-0.2771,0.407,0.8706),
			["LeftUpperLeg"] = CFrame.new(0,0,0,0.9946,-0.0731,0.075,0.074,-0.0131,-0.9973,0.073,0.9972,-0.0071),
			["LowerTorso"] = CFrame.new(-0.1301,-0.5691,0.005,0.7237,-0.4134,0.553,-0.114,0.7185,0.686,-0.6808,-0.5595,0.473),
			["RightLowerLeg"] = CFrame.new(0,0,0,0.99,-0.0051,-0.1412,0.141,0.034,0.9894,0,-0.9995,0.034),
			["RightUpperLeg"] = CFrame.new(0,0,0,0.862,-0.357,0.3609,0.062,-0.631,-0.773,0.503,0.6889,-0.522),
			["LeftLowerLeg"] = CFrame.new(0,0,0,0.9991,0.008,0.04,-0.0401,-0.0661,0.9971,0.01,-0.9979,-0.0651),
		},
		[0.8330000042915344] = {
			["LeftLowerArm"] = CFrame.new(0,0,0,0.8246,0.4992,-0.267,-0.5658,0.7272,-0.389,0,0.4711,0.8818),
			["RightUpperArm"] = CFrame.new(0,0,0,0.9125,-0.4091,0.023,0.3282,0.697,-0.6379,0.2441,0.589,0.7698),
			["Head"] = CFrame.new(0,0,0,0.9929,0.044,-0.1111,-0.0151,0.968,0.25,0.118,-0.2471,0.9619),
			["UpperTorso"] = CFrame.new(0,0,0,0.9917,0.124,0.034,-0.1281,0.93,0.3441,0.011,-0.3461,0.9383),
			["RightHand"] = CFrame.new(0,0,0,0.6538,-0.2801,0.7031,0.6898,0.603,-0.4012,-0.311,0.747,0.5871),
			["LeftUpperArm"] = CFrame.new(0,0,0,0.7792,0.119,-0.6159,0.174,0.902,0.3949,0.6021,-0.4151,0.6818),
			["RightLowerArm"] = CFrame.new(0,0,0,0.8243,-0.2402,0.5122,0.5662,0.3502,-0.7464,0,0.9054,0.4252),
			["LeftHand"] = CFrame.new(0,0,0,0.9492,-0.1371,0.283,0.206,0.951,-0.2311,-0.2381,0.277,0.9309),
			["LeftUpperLeg"] = CFrame.new(0,0,0,0.827,0.4831,-0.2871,-0.5421,0.5501,-0.6352,-0.1491,0.6812,0.7171),
			["LowerTorso"] = CFrame.new(-0.1301,-0.5691,0.005,0.6169,-0.4734,0.6284,-0.0701,0.7624,0.6434,-0.784,-0.4414,0.4373),
			["RightLowerLeg"] = CFrame.new(0,0,0,0.9953,-0.0071,-0.0961,0.087,0.4969,0.8637,0.042,-0.8679,0.4948),
			["RightUpperLeg"] = CFrame.new(0,0,0,0.8588,-0.4311,0.2769,0.049,-0.4691,-0.8818,0.5099,0.7709,-0.382),
			["LeftLowerLeg"] = CFrame.new(0,0,0,0.9851,-0.0031,-0.171,0.166,0.28,0.9456,0.045,-0.9601,0.2769),
		},
		[1.0670000314712524] = {
			["LeftLowerArm"] = CFrame.new(0,0,0,0.8246,0.517,-0.23,-0.5658,0.753,-0.335,0,0.407,0.9138),
			["RightUpperArm"] = CFrame.new(0,0,0,0.9623,-0.2172,0.1629,0.2611,0.5702,-0.7788,0.076,0.7923,0.6058),
			["Head"] = CFrame.new(0,0,0,0.9943,-0.0481,-0.0961,0.065,0.9796,0.19,0.085,-0.195,0.9771),
			["UpperTorso"] = CFrame.new(0,0,0,0.9993,-0.0131,0.035,-0.0011,0.919,0.3942,-0.0371,-0.3941,0.9184),
			["RightHand"] = CFrame.new(0,0,0,0.6597,-0.2011,0.7238,0.6677,0.5991,-0.442,-0.345,0.7751,0.5299),
			["LeftUpperArm"] = CFrame.new(0,0,0,0.9147,-0.0431,-0.4022,0.2039,0.907,0.3681,0.3489,-0.4191,0.8383),
			["RightLowerArm"] = CFrame.new(0,0,0,0.8243,-0.24,0.512,0.5662,0.3498,-0.7471,0,0.9056,0.424),
			["LeftHand"] = CFrame.new(0,0,0,0.891,-0.1842,0.4151,0.325,0.8973,-0.2992,-0.3171,0.4011,0.8592),
			["LeftUpperLeg"] = CFrame.new(0,0,0,0.9852,-0.0371,-0.1671,-0.1661,-0.449,-0.8779,-0.0431,0.8928,-0.449),
			["LowerTorso"] = CFrame.new(-0.1301,-0.5691,0.005,0.8369,-0.3342,0.4331,-0.0381,0.7551,0.6551,-0.5461,-0.5642,0.6191),
			["RightLowerLeg"] = CFrame.new(0,0,0,0.993,-0.0031,-0.1182,0.118,-0.0561,0.9915,-0.0101,-0.9985,-0.0551),
			["RightUpperLeg"] = CFrame.new(0,0,0,0.9656,0.024,-0.259,-0.254,-0.1282,-0.9588,-0.0571,0.9915,-0.1181),
			["LeftLowerLeg"] = CFrame.new(0,0,0,0.9933,0.005,0.115,-0.1071,-0.3352,0.9362,0.043,-0.9423,-0.3322),
		},
	}
}
